0000   08 12 00 20 87 b0 08 00 11 08 c0 63 08 00 45 00 48 49 ba 00 00 1e 06 69 8d c1 37 33 f6 c1 37 33  
0020   04 17 70 96 d4 39 7f 84 c2 bf 3a 21 fd 50 18 11
0030   1c 99 bc 00 00 0e 00 31 3f 02 c0 00 11 00 00 3e
0040   c1 00 00 00 11 00 00 00 02 28 28 a7 b0 80 29 e5
0050   fc 81 58 90 70
          

0000   08 00 20 0a ac 96 08 00 20 0a 70 66 08 00 4f 00
0010   00 7c cb c9 00 00 ff 06 b9 7f 84 e3 3d 05 c0 21
0020   9f 06 07 27 04 00 00 00 00 00 00 00 00 00 00 00
0030   00 00 00 00 00 00 00 00 00 00 00 00 00 00 00 00
0040   00 00 00 00 00 00 00 00 00 00 08 00 a2 56 2f 00
0050   00 00 29 36 8c 41 00 03 86 2b 08 09 0a 0b 0c 0d
0060   0e 0f 10 11 12 13 14 15 16 17 18 19 1a 1b 1c 1d
0070   1e 1f 20 21 22 23 24 25 26 27 28 29 2a 2b 2c 2d
0080   2e 2f 30 31 32 33 34 35 36 37
